ntarla 2017 1 1 1 13.6 32.25 18.2 8.4 0 3.7 -999.9 406.76
ntarla 2017 1 2 2 13.23 31.45 20.1 7.3 0 3.6 -999.9 406.76
ntarla 2017 1 3 3 13 31.77 21.5 7.6 0 3.3 -999.9 406.76
ntarla 2017 1 4 4 12.3 31.33 21.5 8.6 0 3.6 -999.9 406.76
ntarla 2017 1 5 5 11.75 31.49 21 10.4 0 4.1 -999.9 406.76
ntarla 2017 1 6 6 12.5 32.23 21.8 10.6 0 4.1 -999.9 406.76
ntarla 2017 1 7 7 12.88 33.18 20 9 0 3.5 -999.9 406.76
ntarla 2017 1 8 8 14.27 34.33 21.4 10.7 0 3.3 -999.9 406.76
ntarla 2017 1 9 9 14.76 33.56 22.4 10.9 0 3.6 -999.9 406.76
ntarla 2017 1 10 10 14.76 32.44 20.3 8.5 0 3.4 -999.9 406.76
ntarla 2017 1 11 11 13.45 24.94 15.4 8.6 0 3.5 -999.9 406.76
ntarla 2017 1 12 12 9.83 30.25 9.7 7.4 0 3.5 -999.9 406.76
ntarla 2017 1 13 13 10.08 29.1 22.1 10.3 0 3.4 -999.9 406.76
ntarla 2017 1 14 14 10.26 30.38 22.3 9.7 0 3.3 -999.9 406.76
ntarla 2017 1 15 15 11.63 33.15 20.7 9.8 0 3.6 -999.9 406.76
ntarla 2017 1 16 16 15.05 33.59 22.8 10.8 0 3.5 -999.9 406.76
ntarla 2017 1 17 17 14.6 33.94 20.4 10 0 3.5 -999.9 406.76
ntarla 2017 1 18 18 14.65 35.24 15.3 9.9 0 3.9 -999.9 406.76
ntarla 2017 1 19 19 16.05 35.9 21.3 10.6 0 4.2 -999.9 406.76
ntarla 2017 1 20 20 16.35 35.51 21.2 10.2 0 4.2 -999.9 406.76
ntarla 2017 1 21 21 17.4 34.91 22.4 10 0 4.6 -999.9 406.76
ntarla 2017 1 22 22 17.23 33.43 18.4 11.4 0 4 -999.9 406.76
ntarla 2017 1 23 23 14.26 31.44 23.5 11.4 0 3.9 -999.9 406.76
ntarla 2017 1 24 24 14.34 32.15 23.4 11.5 0 4.1 -999.9 406.76
ntarla 2017 1 25 25 13.76 32.64 23.6 11.3 0 3.8 -999.9 406.76
ntarla 2017 1 26 26 13.73 34.53 23.5 12.8 0 3.7 -999.9 406.76
ntarla 2017 1 27 27 14.87 35.25 17.3 13.4 0 3.9 -999.9 406.76
ntarla 2017 1 28 28 15.34 35.28 20.5 12.8 0 3.4 -999.9 406.76
ntarla 2017 1 29 29 15.05 35.5 24.6 13.1 0 4 -999.9 406.76
ntarla 2017 1 30 30 13.94 35.15 20.6 11.7 0 4.5 -999.9 406.76
ntarla 2017 1 31 31 13.37 36.52 24.4 13.2 0 4.2 -999.9 406.76
ntarla 2017 2 1 32 14.86 34.1 24 15.6 0 4.6 -999.9 406.76
ntarla 2017 2 2 33 16.26 33.02 12.6 12 0 4.3 -999.9 406.76
ntarla 2017 2 3 34 14.67 34.32 12.3 10.4 0 3.9 -999.9 406.76
ntarla 2017 2 4 35 15.91 35.15 14.7 11.1 0 4.2 -999.9 406.76
ntarla 2017 2 5 36 16.32 35.3 24.6 13.3 0 3.7 -999.9 406.76
ntarla 2017 2 6 37 16.94 35.55 15.7 11 0 3.5 -999.9 406.76
ntarla 2017 2 7 38 16.87 35.89 23.6 12.6 0 3.7 -999.9 406.76
ntarla 2017 2 8 39 15.17 35.99 25.3 13.7 0 4.3 -999.9 406.76
ntarla 2017 2 9 40 16.54 36.51 25.2 12.2 0 3.9 -999.9 406.76
ntarla 2017 2 10 41 16.51 34.95 25.6 11.7 0 4 -999.9 406.76
ntarla 2017 2 11 42 17.58 36.6 25.5 11 0 4.6 -999.9 406.76
ntarla 2017 2 12 43 19.23 38.51 25.7 13.6 0 3.8 -999.9 406.76
ntarla 2017 2 13 44 19.71 38.08 25.8 13.2 0 4.3 -999.9 406.76
ntarla 2017 2 14 45 19.76 38.2 25.8 14.4 0 3.8 -999.9 406.76
ntarla 2017 2 15 46 20.55 37.4 25.9 13.7 0 4.4 -999.9 406.76
ntarla 2017 2 16 47 22.2 37.37 26 15.2 0 4.4 -999.9 406.76
ntarla 2017 2 17 48 19.76 37 25.9 17.3 0 4.8 -999.9 406.76
ntarla 2017 2 18 49 18.9 36.47 26 18.2 0 4 -999.9 406.76
ntarla 2017 2 19 50 18.18 36.3 26 18.2 0 4.1 -999.9 406.76
ntarla 2017 2 20 51 17.91 37.13 25.7 17.7 0 4.4 -999.9 406.76
ntarla 2017 2 21 52 17.25 38.05 26 16.2 0 4.4 -999.9 406.76
ntarla 2017 2 22 53 18.77 38.67 23.2 16.2 0 4.3 -999.9 406.76
ntarla 2017 2 23 54 21.29 39.22 25.1 17 0 4.7 -999.9 406.76
ntarla 2017 2 24 55 23.87 38.5 23.3 17 0 4.7 -999.9 406.76
ntarla 2017 2 25 56 20.05 39.2 25.8 14.9 0 4.8 -999.9 406.76
ntarla 2017 2 26 57 21.86 38.09 26.2 15.7 0 4.4 -999.9 406.76
ntarla 2017 2 27 58 22.63 38.51 23.8 16.5 0 4.1 -999.9 406.76
ntarla 2017 2 28 59 21.05 40.03 24.6 15.4 0 4.6 -999.9 406.76
ntarla 2017 3 1 60 19.21 40.21 20.6 15.4 0 4.8 -999.9 406.76
ntarla 2017 3 2 61 19.07 40.25 23.9 15.3 0 5.3 -999.9 406.76
ntarla 2017 3 3 62 19.51 40.07 26.1 15.3 0 5.1 -999.9 406.76
ntarla 2017 3 4 63 19.35 39.86 26.3 16.1 0 4.7 -999.9 406.76
ntarla 2017 3 5 64 18.87 39.98 22.2 15.7 0 5.1 -999.9 406.76
ntarla 2017 3 6 65 20.16 39.81 23.3 16.7 0 5 -999.9 406.76
ntarla 2017 3 7 66 19.65 38.65 26.3 17.4 0 4.8 -999.9 406.76
ntarla 2017 3 8 67 19.41 37.03 26.4 16.7 0 4.6 -999.9 406.76
ntarla 2017 3 9 68 18.16 39.08 24.5 17.6 0 4.3 -999.9 406.76
ntarla 2017 3 10 69 20.24 40 26.3 19.7 0 4.4 -999.9 406.76
ntarla 2017 3 11 70 19.44 40.03 27 17.5 0 4.3 -999.9 406.76
ntarla 2017 3 12 71 19.26 40.08 27 18.1 0 5.7 -999.9 406.76
ntarla 2017 3 13 72 19.97 40.01 27.1 19.6 0 5.4 -999.9 406.76
ntarla 2017 3 14 73 26.01 40.15 26.8 16.1 0 4.7 -999.9 406.76
ntarla 2017 3 15 74 27.48 38.98 18.7 15.1 0 5.9 -999.9 406.76
ntarla 2017 3 16 75 26.26 41.22 26.1 16.5 0 5.1 -999.9 406.76
ntarla 2017 3 17 76 23.19 41.55 27.5 20 0 4.2 -999.9 406.76
ntarla 2017 3 18 77 25.41 40.53 27 19.7 0 4.2 -999.9 406.76
ntarla 2017 3 19 78 27.22 39.33 23.8 17 0 4.9 -999.9 406.76
ntarla 2017 3 20 79 26.26 37.37 12.2 13.3 0 4.9 -999.9 406.76
ntarla 2017 3 21 80 24.66 39.05 21.4 18.6 0 5.3 -999.9 406.76
ntarla 2017 3 22 81 24.19 39.25 22.2 14.6 0 5 -999.9 406.76
ntarla 2017 3 23 82 22.5 40.13 24.4 14.5 0 4.9 -999.9 406.76
ntarla 2017 3 24 83 23.45 40.44 26.4 14.4 0 5.4 -999.9 406.76
ntarla 2017 3 25 84 25.21 39.38 27.7 15.3 0 4.8 -999.9 406.76
ntarla 2017 3 26 85 25.64 42.14 26.9 19.1 0 5.1 -999.9 406.76
ntarla 2017 3 27 86 22.9 42.87 26.6 15.4 0 5.3 -999.9 406.76
ntarla 2017 3 28 87 22.97 41.96 27.1 18.8 0 5.5 -999.9 406.76
ntarla 2017 3 29 88 24.92 41.99 27.6 19.5 0 5.5 -999.9 406.76
ntarla 2017 3 30 89 25.1 41.01 25.9 19 0 5.2 -999.9 406.76
ntarla 2017 3 31 90 24.9 41.8 27 18 0 5.4 -999.9 406.76
ntarla 2017 4 1 91 24.37 41.68 24.3 13 0 4.6 -999.9 406.76
ntarla 2017 4 2 92 21.16 40.78 16.7 11.4 0 4.9 -999.9 406.76
ntarla 2017 4 3 93 28.33 39.99 11.6 6.8 0 5.5 -999.9 406.76
ntarla 2017 4 4 94 25.81 40.47 25.6 11.6 0 5 -999.9 406.76
ntarla 2017 4 5 95 28.41 40.05 16.3 16.2 0 5.1 -999.9 406.76
ntarla 2017 4 6 96 28.68 40.76 24.7 17.1 0 5.6 -999.9 406.76
ntarla 2017 4 7 97 28.76 39.35 26.9 18.1 0 4.6 -999.9 406.76
ntarla 2017 4 8 98 28.05 40.79 24.6 17.4 0 4.5 -999.9 406.76
ntarla 2017 4 9 99 29.08 39.73 25 17.6 0 4 -999.9 406.76
ntarla 2017 4 10 100 27.65 40.09 25.2 19.6 0 4.6 -999.9 406.76
ntarla 2017 4 11 101 24.72 41.19 19 15.3 0 5.1 -999.9 406.76
ntarla 2017 4 12 102 21.54 38.38 23.6 16.7 0 5 -999.9 406.76
ntarla 2017 4 13 103 20.58 37.4 27.9 17.5 0 4.9 -999.9 406.76
ntarla 2017 4 14 104 20.65 39.34 28.7 18.3 0 4.8 -999.9 406.76
ntarla 2017 4 15 105 21.55 41.43 25.4 16.2 0 5.4 -999.9 406.76
ntarla 2017 4 16 106 24.05 41.09 28.7 15.3 0 5.1 -999.9 406.76
ntarla 2017 4 17 107 27.37 40.09 28.4 18.1 9 5.1 -999.9 406.76
ntarla 2017 4 18 108 28.88 40.3 27.3 14 2 5.1 -999.9 406.76
ntarla 2017 4 19 109 27.63 41.25 20.6 12 0 4.3 -999.9 406.76
ntarla 2017 4 20 110 26.06 42.33 21.4 15.6 0 5.1 -999.9 406.76
ntarla 2017 4 21 111 24.06 41.67 13.7 14.5 0 4.9 -999.9 406.76
ntarla 2017 4 22 112 27.39 40.4 28.2 15.7 46 4.9 -999.9 406.76
ntarla 2017 4 23 113 25.93 40.43 27.9 15.3 0 5.1 -999.9 406.76
ntarla 2017 4 24 114 27.19 40.94 27.9 16.4 0 4.9 -999.9 406.76
ntarla 2017 4 25 115 28.48 41.05 25.7 16.3 0 5.2 -999.9 406.76
ntarla 2017 4 26 116 26.58 39.56 26.3 16.6 37 5.5 -999.9 406.76
ntarla 2017 4 27 117 26.59 39.26 22.5 15.3 16 5.7 -999.9 406.76
ntarla 2017 4 28 118 27.05 39.78 24.2 14 0 5.1 -999.9 406.76
ntarla 2017 4 29 119 26.87 38.83 25.6 13.6 0 5.4 -999.9 406.76
ntarla 2017 4 30 120 26.08 40.67 21.8 11.8 0 5.4 -999.9 406.76
ntarla 2017 5 1 121 28.05 39.8 28.6 13.8 1.5 5.1 -999.9 406.76
ntarla 2017 5 2 122 27.1 39.51 27.5 14.1 0 5.5 -999.9 406.76
ntarla 2017 5 3 123 26.4 38.22 25.4 14.5 18 6 -999.9 406.76
ntarla 2017 5 4 124 26.67 35.45 16 13.2 0 4.8 -999.9 406.76
ntarla 2017 5 5 125 25.53 39.7 26.3 18.6 11 4.8 -999.9 406.76
ntarla 2017 5 6 126 25.13 37.58 28.5 14.9 0 5.1 -999.9 406.76
ntarla 2017 5 7 127 25.92 39.63 24.1 9.1 0 5.2 -999.9 406.76
ntarla 2017 5 8 128 26.97 40.34 27.2 14.1 15 5.5 -999.9 406.76
ntarla 2017 5 9 129 26.44 40.01 27.5 14.8 0 5.4 -999.9 406.76
ntarla 2017 5 10 130 26.25 39.41 26.1 15.2 0 4.9 -999.9 406.76
ntarla 2017 5 11 131 26.69 39.34 27.5 16 0 4.9 -999.9 406.76
ntarla 2017 5 12 132 25.5 39.71 27.7 18.1 0 4.5 -999.9 406.76
ntarla 2017 5 13 133 26.55 38.59 26.6 16.3 0 4.8 -999.9 406.76
ntarla 2017 5 14 134 25.59 34.03 24.5 14.1 0 5 -999.9 406.76
ntarla 2017 5 15 135 24.9 36.69 18.7 14.4 0 5.7 -999.9 406.76
ntarla 2017 5 16 136 25.42 38.42 25.7 14.4 0 5.5 -999.9 406.76
ntarla 2017 5 17 137 25.66 35.89 28 20 9.5 5.2 -999.9 406.76
ntarla 2017 5 18 138 25.73 33.65 24.2 13.6 0 5 -999.9 406.76
ntarla 2017 5 19 139 24.61 36.19 26.8 9.7 0 5.3 -999.9 406.76
ntarla 2017 5 20 140 24.62 35.02 18.7 10.1 0 5.3 -999.9 406.76
ntarla 2017 5 21 141 24.9 35.53 28 12.7 0 5.2 -999.9 406.76
ntarla 2017 5 22 142 24.8 37.28 21.2 13.9 0 5.2 -999.9 406.76
ntarla 2017 5 23 143 24.9 36.86 27.7 16.5 0 4.9 -999.9 406.76
ntarla 2017 5 24 144 25.28 32.34 28.3 20 38 7 -999.9 406.76
ntarla 2017 5 25 145 23.59 36.96 24.9 12.9 0 4.9 -999.9 406.76
ntarla 2017 5 26 146 23.16 36.48 24.9 14.8 41 5.2 -999.9 406.76
ntarla 2017 5 27 147 23.04 28.58 21.8 11.9 2 5.6 -999.9 406.76
ntarla 2017 5 28 148 22.21 35.26 24.7 15.1 0 4.9 -999.9 406.76
ntarla 2017 5 29 149 24.48 37.83 17.6 9.7 0 5.5 -999.9 406.76
ntarla 2017 5 30 150 25.54 37.41 26 10.9 0 5.1 -999.9 406.76
ntarla 2017 5 31 151 24.26 36.1 26.9 13.8 0 4.6 -999.9 406.76
ntarla 2017 6 1 152 24.92 36.68 27.1 16.5 0 5 -999.9 406.76
ntarla 2017 6 2 153 24.83 37.01 26.4 14.7 0 4.7 -999.9 406.76
ntarla 2017 6 3 154 25.02 38.38 26.3 6.9 0 5.3 -999.9 406.76
ntarla 2017 6 4 155 25.36 35.86 25.2 9.2 14 5.3 -999.9 406.76
ntarla 2017 6 5 156 24.81 37.24 21.1 5.2 0 4.3 -999.9 406.76
ntarla 2017 6 6 157 24.87 35.48 25.5 5.5 0 5.3 -999.9 406.76
ntarla 2017 6 7 158 24.56 34.86 22 7.4 0 4.7 -999.9 406.76
ntarla 2017 6 8 159 24.58 36.97 25.1 7.1 0 4.3 -999.9 406.76
ntarla 2017 6 9 160 25.64 36.92 24.7 11 0 4.7 -999.9 406.76
ntarla 2017 6 10 161 24.8 36.01 25.7 5.9 11 4.9 -999.9 406.76
ntarla 2017 6 11 162 25.34 34.16 22.2 6.3 0 5.1 -999.9 406.76
ntarla 2017 6 12 163 24.09 37.84 26.9 9.1 0 4.6 -999.9 406.76
ntarla 2017 6 13 164 24.59 36.8 12.2 5.2 0 5.3 -999.9 406.76
ntarla 2017 6 14 165 24.69 34.19 26 8.7 56 4.3 -999.9 406.76
ntarla 2017 6 15 166 24.02 36.41 27 9.3 0 5 -999.9 406.76
ntarla 2017 6 16 167 24.55 34.69 25.7 10.2 0 4.6 -999.9 406.76
ntarla 2017 6 17 168 23.3 35.59 26.7 11.1 0 5.1 -999.9 406.76
ntarla 2017 6 18 169 24.3 30.34 24.1 8.4 0 4.6 -999.9 406.76
ntarla 2017 6 19 170 23.19 36.76 26.1 9.9 0 5 -999.9 406.76
ntarla 2017 6 20 171 24.99 34.5 21 9.2 43 4.2 -999.9 406.76
ntarla 2017 6 21 172 23.53 30.04 26.1 9.8 0 4.4 -999.9 406.76
ntarla 2017 6 22 173 21.52 33.9 19.7 6.2 0 4.9 -999.9 406.76
ntarla 2017 6 23 174 23.53 36.48 26.2 8.6 0 4.7 -999.9 406.76
ntarla 2017 6 24 175 24.73 34.97 24.9 9.6 0 5.1 -999.9 406.76
ntarla 2017 6 25 176 23.39 32.3 26.2 8.9 0 4.4 -999.9 406.76
ntarla 2017 6 26 177 23.11 30.55 26.7 11.4 11 4.6 -999.9 406.76
ntarla 2017 6 27 178 23.12 33.37 23.2 6.5 0 4.3 -999.9 406.76
ntarla 2017 6 28 179 23.31 31.45 19 5.8 1 4.5 -999.9 406.76
ntarla 2017 6 29 180 23.41 33.84 20.8 4.2 0 4.5 -999.9 406.76
ntarla 2017 6 30 181 22.83 34.27 25.9 4.7 0 4.8 -999.9 406.76
ntarla 2017 7 1 182 21.91 35.4 25.5 7.2 36 4.8 -999.9 406.76
ntarla 2017 7 2 183 23.64 33.7 20.5 7.4 0 4.9 -999.9 406.76
ntarla 2017 7 3 184 23.7 33.27 18.7 6.6 0 4.8 -999.9 406.76
ntarla 2017 7 4 185 23.36 32.7 16.6 6.3 28 4.1 -999.9 406.76
ntarla 2017 7 5 186 23.34 29.43 24.3 6.4 0 4.1 -999.9 406.76
ntarla 2017 7 6 187 22.21 31.05 17.3 5.1 0 4.3 -999.9 406.76
ntarla 2017 7 7 188 23.42 31.72 25.5 7 0 3.2 -999.9 406.76
ntarla 2017 7 8 189 24.06 33.13 25.2 9.4 0 3.9 -999.9 406.76
ntarla 2017 7 9 190 23.16 32.65 22.1 4 26 3.3 -999.9 406.76
ntarla 2017 7 10 191 23.53 30.44 27.2 7.5 0 4.2 -999.9 406.76
ntarla 2017 7 11 192 23.15 29.4 23.7 4.5 0 3.6 -999.9 406.76
ntarla 2017 7 12 193 21.79 31.38 25.4 4.6 0 3.5 -999.9 406.76
ntarla 2017 7 13 194 23.12 32.01 22.8 3 23 3.3 -999.9 406.76
ntarla 2017 7 14 195 23.63 29.3 27.6 4.6 34 3.9 -999.9 406.76
ntarla 2017 7 15 196 22.23 31.91 28.2 5.3 0 3.1 -999.9 406.76
ntarla 2017 7 16 197 21.92 31.33 27.9 5.5 0 3.6 -999.9 406.76
ntarla 2017 7 17 198 22.7 32.66 27.9 6.4 10 3.9 -999.9 406.76
ntarla 2017 7 18 199 22.82 32.68 18.6 6.5 0 3.4 -999.9 406.76
ntarla 2017 7 19 200 23.41 32.04 21.8 5.3 0 3.5 -999.9 406.76
ntarla 2017 7 20 201 23.14 29.1 24.1 7.5 30 3.3 -999.9 406.76
ntarla 2017 7 21 202 22.41 29.72 24.3 5.1 0 3.3 -999.9 406.76
ntarla 2017 7 22 203 22.08 31.9 25.5 4.3 15 3.7 -999.9 406.76
ntarla 2017 7 23 204 23.69 29.36 26 4.1 24 3.3 -999.9 406.76
ntarla 2017 7 24 205 22.12 32.26 26.3 6.5 0 3.3 -999.9 406.76
ntarla 2017 7 25 206 22.69 32.4 21.9 3.1 25 3.4 -999.9 406.76
ntarla 2017 7 26 207 23.23 29.99 21.3 2.5 4 3.3 -999.9 406.76
ntarla 2017 7 27 208 22.98 32.26 22.7 4.3 0 3.4 -999.9 406.76
ntarla 2017 7 28 209 22.42 32.43 21.8 3.9 21 3.4 -999.9 406.76
ntarla 2017 7 29 210 23.57 31.23 24.7 4.4 0 3 -999.9 406.76
ntarla 2017 7 30 211 22.08 30.85 18.1 3 0 2.9 -999.9 406.76
ntarla 2017 7 31 212 22.26 30.08 26.6 4 0 3.5 -999.9 406.76
ntarla 2017 8 1 213 22.56 31.02 27.3 4.2 0 3.3 -999.9 406.76
ntarla 2017 8 2 214 22.71 31.89 12.9 3.8 2 2.9 -999.9 406.76
ntarla 2017 8 3 215 23.7 31.16 23.7 5.2 0 2.8 -999.9 406.76
ntarla 2017 8 4 216 23.05 29.74 17.8 4.6 0 3.3 -999.9 406.76
ntarla 2017 8 5 217 23.31 28.93 14.6 2.1 21 2.9 -999.9 406.76
ntarla 2017 8 6 218 21.65 30.3 26.3 2.2 0 3.1 -999.9 406.76
ntarla 2017 8 7 219 22.15 29.63 28 3.6 15 3 -999.9 406.76
ntarla 2017 8 8 220 22.14 27.8 19.7 2.4 6 2.7 -999.9 406.76
ntarla 2017 8 9 221 21.94 28.35 18.6 2.2 3.5 2.6 -999.9 406.76
ntarla 2017 8 10 222 22.13 30.77 23.7 3 0 3 -999.9 406.76
ntarla 2017 8 11 223 22.75 28.02 24.4 3.2 8 3.1 -999.9 406.76
ntarla 2017 8 12 224 21.98 30.34 26.5 3.2 0 2.5 -999.9 406.76
ntarla 2017 8 13 225 22.23 32.15 26.4 3.4 0 2.8 -999.9 406.76
ntarla 2017 8 14 226 22.48 31.98 22.5 3.5 16 2.7 -999.9 406.76
ntarla 2017 8 15 227 23.74 29.55 16.5 2.1 4.5 2.5 -999.9 406.76
ntarla 2017 8 16 228 22.25 28.93 19 2.3 0 2.6 -999.9 406.76
ntarla 2017 8 17 229 22.04 30.87 19.3 2 0 2.8 -999.9 406.76
ntarla 2017 8 18 230 23.15 28.19 19.6 1.9 8 3 -999.9 406.76
ntarla 2017 8 19 231 21.61 29.59 27.5 3.3 0 2.8 -999.9 406.76
ntarla 2017 8 20 232 20.65 30.65 14.7 1.4 0 2.8 -999.9 406.76
ntarla 2017 8 21 233 22.86 29.26 17.2 2.1 10 2.8 -999.9 406.76
ntarla 2017 8 22 234 22.65 27.19 26.6 2.8 7 2.7 -999.9 406.76
ntarla 2017 8 23 235 21.98 27.23 20.7 1.9 9 2.3 -999.9 406.76
ntarla 2017 8 24 236 21.44 30.53 22.1 2 0 2.6 -999.9 406.76
ntarla 2017 8 25 237 22.54 27.16 21.3 1.6 12 2.8 -999.9 406.76
ntarla 2017 8 26 238 21.76 28.71 27.1 3 12 2.1 -999.9 406.76
ntarla 2017 8 27 239 21.47 29.42 11.6 1.6 0 2.6 -999.9 406.76
ntarla 2017 8 28 240 20.95 30.72 25.5 2.6 0 2.2 -999.9 406.76
ntarla 2017 8 29 241 21.98 32.14 26 3.2 0 2.5 -999.9 406.76
ntarla 2017 8 30 242 23.36 28.87 22.2 2.6 0 2.3 -999.9 406.76
ntarla 2017 8 31 243 22.8 29.56 17.4 2.2 22 2.5 -999.9 406.76
ntarla 2017 9 1 244 22.84 28.11 21.7 2.2 0 2.4 -999.9 406.76
ntarla 2017 9 2 245 21.95 27.94 23 2.6 0 2.5 -999.9 406.76
ntarla 2017 9 3 246 20.68 30.7 23 2.5 0 2.9 -999.9 406.76
ntarla 2017 9 4 247 21.86 28.59 16.2 1.7 0 2.6 -999.9 406.76
ntarla 2017 9 5 248 20.37 31.65 26.7 3.1 0 2.8 -999.9 406.76
ntarla 2017 9 6 249 21 32.38 24.2 2.9 0 2.7 -999.9 406.76
ntarla 2017 9 7 250 22.66 32.5 23.7 2.5 0 2.7 -999.9 406.76
ntarla 2017 9 8 251 23.21 29.07 23.5 2.4 5.5 2.2 -999.9 406.76
ntarla 2017 9 9 252 22.15 30.56 20.1 2 0 2.4 -999.9 406.76
ntarla 2017 9 10 253 22.72 29.8 22.1 1.8 0 2.7 -999.9 406.76
ntarla 2017 9 11 254 23.83 31.58 27.4 2.9 40 2.4 -999.9 406.76
ntarla 2017 9 12 255 23.75 30.58 25.2 2.4 0 2 -999.9 406.76
ntarla 2017 9 13 256 22.46 31.97 27.5 2.5 19 2.1 -999.9 406.76
ntarla 2017 9 14 257 22.37 31.63 21.1 1.8 0 2.4 -999.9 406.76
ntarla 2017 9 15 258 22.47 31.4 24.5 1.8 0 2.3 -999.9 406.76
ntarla 2017 9 16 259 22.85 30.8 21.7 2.1 8 2.3 -999.9 406.76
ntarla 2017 9 17 260 22.68 29.47 15.6 1.4 6 2 -999.9 406.76
ntarla 2017 9 18 261 21.76 30.9 21.3 1.8 0 2.2 -999.9 406.76
ntarla 2017 9 19 262 22.63 32.32 26 3.4 0 2 -999.9 406.76
ntarla 2017 9 20 263 23.02 30.82 21.3 2.6 0 2.3 -999.9 406.76
ntarla 2017 9 21 264 23.42 29.22 21.1 3.1 8 2.1 -999.9 406.76
ntarla 2017 9 22 265 22.1 30.47 22.8 3.5 16 2.4 -999.9 406.76
ntarla 2017 9 23 266 21.43 29.37 23.5 5.1 0 2.3 -999.9 406.76
ntarla 2017 9 24 267 21.98 30.49 22.4 4.3 0 2.1 -999.9 406.76
ntarla 2017 9 25 268 21.65 32.19 21.1 4 0 2.3 -999.9 406.76
ntarla 2017 9 26 269 22.11 32.89 20.2 3.9 0 2.4 -999.9 406.76
ntarla 2017 9 27 270 22.78 30.58 23.4 4.2 0 2.1 -999.9 406.76
ntarla 2017 9 28 271 22.7 32.64 22 4.4 0 2.3 -999.9 406.76
ntarla 2017 9 29 272 22.3 33.57 21.8 5 0 2.3 -999.9 406.76
ntarla 2017 9 30 273 22.69 31.83 17.1 3 0 2.2 -999.9 406.76
ntarla 2017 10 1 274 21.4 33.22 24.9 4.1 0 2.6 -999.9 406.76
ntarla 2017 10 2 275 22.38 32.4 24.3 4 0 2.4 -999.9 406.76
ntarla 2017 10 3 276 22.72 31.35 13.2 2.3 0 2.4 -999.9 406.76
ntarla 2017 10 4 277 22.86 32.21 25.3 3.5 0 2.3 -999.9 406.76
ntarla 2017 10 5 278 21.69 32.98 25.1 3.4 0 2.3 -999.9 406.76
ntarla 2017 10 6 279 23.21 32.19 25 4 0 2.5 -999.9 406.76
ntarla 2017 10 7 280 22.95 32.58 21 4.5 0 2.1 -999.9 406.76
ntarla 2017 10 8 281 23.18 30.77 22.5 3.7 1 2.6 -999.9 406.76
ntarla 2017 10 9 282 22.86 29.33 19.2 4 0 2.3 -999.9 406.76
ntarla 2017 10 10 283 21.49 34.14 23.5 3.7 0 3 -999.9 406.76
ntarla 2017 10 11 284 22.01 34.05 14.4 2.4 0 2.3 -999.9 406.76
ntarla 2017 10 12 285 22.26 34.34 25.2 4.6 0 2.5 -999.9 406.76
ntarla 2017 10 13 286 22.55 34.65 22.2 3.9 0 2.1 -999.9 406.76
ntarla 2017 10 14 287 22.72 33.21 23.4 3.5 0 2.3 -999.9 406.76
ntarla 2017 10 15 288 21.69 33.08 23.8 4.1 0 3.1 -999.9 406.76
ntarla 2017 10 16 289 20.43 33.77 23.4 4.4 0 2.2 -999.9 406.76
ntarla 2017 10 17 290 19.02 35.05 24.4 5.3 0 2.2 -999.9 406.76
ntarla 2017 10 18 291 18.68 34.72 19.3 4.1 0 2.3 -999.9 406.76
ntarla 2017 10 19 292 17.78 34.68 24.2 4.3 0 2.9 -999.9 406.76
ntarla 2017 10 20 293 19.01 34.86 20.7 4.6 0 2.4 -999.9 406.76
ntarla 2017 10 21 294 18.9 35.13 22.4 4.6 0 2.3 -999.9 406.76
ntarla 2017 10 22 295 19.88 35.37 25.3 6.3 0 2.1 -999.9 406.76
ntarla 2017 10 23 296 18.64 34.37 24.5 7.3 0 2.1 -999.9 406.76
ntarla 2017 10 24 297 19.41 35.95 24.3 7.9 0 2.5 -999.9 406.76
ntarla 2017 10 25 298 18.92 35.51 25.4 8.5 0 2.1 -999.9 406.76
ntarla 2017 10 26 299 23.08 34.08 25.4 7.9 0 2.1 -999.9 406.76
ntarla 2017 10 27 300 20.02 36.64 21.1 7.9 0 2.4 -999.9 406.76
ntarla 2017 10 28 301 19.37 34.34 24.7 7.9 0 2.1 -999.9 406.76
ntarla 2017 10 29 302 16.01 34.37 11.9 3 0 2.6 -999.9 406.76
ntarla 2017 10 30 303 17.62 34.82 22.3 4.1 0 2.2 -999.9 406.76
ntarla 2017 10 31 304 19.43 35.19 24.5 5.6 0 2 -999.9 406.76
ntarla 2017 11 1 305 19.62 35.94 14.2 4 0 2.1 -999.9 406.76
ntarla 2017 11 2 306 20.51 36.51 25.1 4.6 0 2.4 -999.9 406.76
ntarla 2017 11 3 307 18.4 34.87 25.2 7.8 0 2.3 -999.9 406.76
ntarla 2017 11 4 308 17.19 36.07 25.2 8.5 0 2.5 -999.9 406.76
ntarla 2017 11 5 309 22.29 34.83 25 7.4 0 2.1 -999.9 406.76
ntarla 2017 11 6 310 20.65 35.26 24.8 7.3 0 2.4 -999.9 406.76
ntarla 2017 11 7 311 20.73 35.18 24 6.7 0 2.5 -999.9 406.76
ntarla 2017 11 8 312 19.73 35.1 21.7 6.6 0 2.3 -999.9 406.76
ntarla 2017 11 9 313 15.95 35.43 23.2 9 0 2.4 -999.9 406.76
ntarla 2017 11 10 314 17.29 35.74 15.9 7.5 0 2.2 -999.9 406.76
ntarla 2017 11 11 315 16.07 35.71 23.6 8.6 0 2.1 -999.9 406.76
ntarla 2017 11 12 316 14.47 34.63 24.1 7.9 0 2.4 -999.9 406.76
ntarla 2017 11 13 317 14.12 33.55 23 8.3 0 2.7 -999.9 406.76
ntarla 2017 11 14 318 14.01 33.96 22.6 8.5 0 2.9 -999.9 406.76
ntarla 2017 11 15 319 14.35 33.19 22.8 9.1 0 2.7 -999.9 406.76
ntarla 2017 11 16 320 15.95 34.17 21.9 9 0 2.4 -999.9 406.76
ntarla 2017 11 17 321 16 34.4 23.3 9.5 0 2.5 -999.9 406.76
ntarla 2017 11 18 322 16.26 28.51 23.1 8.6 0 2.6 -999.9 406.76
ntarla 2017 11 19 323 14.69 33.35 22.6 8.4 0 2.5 -999.9 406.76
ntarla 2017 11 20 324 17.57 33.62 22.8 8.6 0 2.4 -999.9 406.76
ntarla 2017 11 21 325 21.03 35.05 19.5 8 0 2.8 -999.9 406.76
ntarla 2017 11 22 326 17.65 35.62 20.5 9 0 2.8 -999.9 406.76
ntarla 2017 11 23 327 19.45 35.37 20.9 9.2 0 2.8 -999.9 406.76
ntarla 2017 11 24 328 17.27 34.76 21.1 9.9 0 2.9 -999.9 406.76
ntarla 2017 11 25 329 17.66 34.8 17.2 8.4 0 2.7 -999.9 406.76
ntarla 2017 11 26 330 15.54 35.42 21.2 9.5 0 2.8 -999.9 406.76
ntarla 2017 11 27 331 15.73 35.49 20.2 10 0 2.7 -999.9 406.76
ntarla 2017 11 28 332 15.73 34.87 16 7.4 0 2.4 -999.9 406.76
ntarla 2017 11 29 333 14.79 34.41 21.9 8.3 0 2.7 -999.9 406.76
ntarla 2017 11 30 334 15.62 34.83 21.1 9.2 0 3.3 -999.9 406.76
ntarla 2017 12 1 335 16.33 35.23 21.1 8.8 0 3.1 -999.9 406.76
ntarla 2017 12 2 336 15.37 35.09 21.3 9.9 0 2.7 -999.9 406.76
ntarla 2017 12 3 337 16.16 34.37 21.3 9 0 2.9 -999.9 406.76
ntarla 2017 12 4 338 15.21 30.44 21.1 9.1 0 2.8 -999.9 406.76
ntarla 2017 12 5 339 16.26 26.65 20.4 9.2 0 3 -999.9 406.76
ntarla 2017 12 6 340 13.56 34.59 20.3 8.7 0 2.8 -999.9 406.76
ntarla 2017 12 7 341 13.26 34.6 21.6 9 0 2.8 -999.9 406.76
ntarla 2017 12 8 342 14.08 34.08 20.9 8.8 0 2.5 -999.9 406.76
ntarla 2017 12 9 343 14.91 31.37 12 6.5 0 2.7 -999.9 406.76
ntarla 2017 12 10 344 13.34 30.83 15.6 10.4 0 2.7 -999.9 406.76
ntarla 2017 12 11 345 12.41 31.48 19 9.6 0 3.4 -999.9 406.76
ntarla 2017 12 12 346 15.53 33.63 21 9.7 0 3.1 -999.9 406.76
ntarla 2017 12 13 347 17.69 33.98 18.8 9.7 0 3.2 -999.9 406.76
ntarla 2017 12 14 348 17.95 33.48 20 10.8 0 2.9 -999.9 406.76
ntarla 2017 12 15 349 17.9 33.31 21.9 10.4 0 3 -999.9 406.76
ntarla 2017 12 16 350 16.38 34.4 21.9 9.7 0 3.1 -999.9 406.76
ntarla 2017 12 17 351 16.55 34.68 21 10.9 0 2.8 -999.9 406.76
ntarla 2017 12 18 352 16.13 34.25 15.1 10.1 0 2.8 -999.9 406.76
ntarla 2017 12 19 353 15.53 33.13 21.4 10.5 0 2.9 -999.9 406.76
ntarla 2017 12 20 354 15.78 31.94 20.4 11.4 0 3.1 -999.9 406.76
ntarla 2017 12 21 355 15.33 29.4 21.8 10.9 0 3.2 -999.9 406.76
ntarla 2017 12 22 356 12.98 26.84 20.5 9.7 0 3.3 -999.9 406.76
ntarla 2017 12 23 357 12.81 28.6 21.4 11.5 0 3.5 -999.9 406.76
ntarla 2017 12 24 358 11.97 31.64 21.9 10.5 0 3.3 -999.9 406.76
ntarla 2017 12 25 359 13.92 32.82 21.9 10 0 3.8 -999.9 406.76
ntarla 2017 12 26 360 16.26 33.47 21.9 10.8 0 3.7 -999.9 406.76
ntarla 2017 12 27 361 15.62 33.69 21.7 8.9 0 3.2 -999.9 406.76
ntarla 2017 12 28 362 15.16 32.9 21.6 9 0 3 -999.9 406.76
ntarla 2017 12 29 363 15.05 33.3 20.7 9.7 0 3 -999.9 406.76
ntarla 2017 12 30 364 13.62 33.37 21.7 12.5 0 3 -999.9 406.76
ntarla 2017 12 31 365 13.65 32.82 22 11.1 0 3.3 -999.9 406.76
