ntarla 2018 1 1 1 5.5 32.7 16.2 -999.9 0 3 9.1 408.72
ntarla 2018 1 2 2 8.4 33.5 15.5 -999.9 0 2.8 10.2 408.72
ntarla 2018 1 3 3 6.5 33.5 14.4 -999.9 0 2.5 10.7 408.72
ntarla 2018 1 4 4 7.4 33.5 15.4 -999.9 0 2.4 12.3 408.72
ntarla 2018 1 5 5 8 34.6 17.4 -999.9 0 2.4 10.6 408.72
ntarla 2018 1 6 6 8.3 37 17.3 -999.9 0 1.4 15.7 408.72
ntarla 2018 1 7 7 8.5 37 17.2 -999.9 0 1 16.3 408.72
ntarla 2018 1 8 8 9 36.2 16.3 -999.9 0 1.6 14.5 408.72
ntarla 2018 1 9 9 8 34.5 16.2 -999.9 0 2.3 10.6 408.72
ntarla 2018 1 10 10 7.7 33.2 13.8 -999.9 0 2.9 12.7 408.72
ntarla 2018 1 11 11 9.5 34.5 17.1 -999.9 0 2.3 10.8 408.72
ntarla 2018 1 12 12 10 34 17.6 -999.9 0 2 14.5 408.72
ntarla 2018 1 13 13 10 34 17.5 -999.9 0 2 14 408.72
ntarla 2018 1 14 14 8 35.6 17.8 -999.9 0 1.9 14.1 408.72
ntarla 2018 1 15 15 9.2 36.6 18.1 -999.9 0 1.4 14.8 408.72
ntarla 2018 1 16 16 10 37.7 17.7 -999.9 0 1.4 16.3 408.72
ntarla 2018 1 17 17 10.4 36 15.3 -999.9 0 1.4 14.8 408.72
ntarla 2018 1 18 18 13 33 16.8 -999.9 0 3.3 10.4 408.72
ntarla 2018 1 19 19 10.2 35 18 -999.9 0 2.8 12.6 408.72
ntarla 2018 1 20 20 9.8 35 18.1 -999.9 0 3.3 13 408.72
ntarla 2018 1 21 21 10 34 17.8 -999.9 0 3.1 10.6 408.72
ntarla 2018 1 22 22 10.5 34 18.4 -999.9 0 2.5 11.3 408.72
ntarla 2018 1 23 23 9.6 36.8 17.9 -999.9 0 2.5 13.1 408.72
ntarla 2018 1 24 24 11 35.5 17.7 -999.9 0 2.4 14 408.72
ntarla 2018 1 25 25 10 35 18.4 -999.9 0 2.6 13.6 408.72
ntarla 2018 1 26 26 11 35.2 18.3 -999.9 0 1.8 13.8 408.72
ntarla 2018 1 27 27 11.2 36 15 -999.9 0 1.8 13.4 408.72
ntarla 2018 1 28 28 12 36 11.6 -999.9 0 1.6 15.5 408.72
ntarla 2018 1 29 29 15 35 9.1 -999.9 0 2.5 13 408.72
ntarla 2018 1 30 30 15 36 16.4 -999.9 0 2.9 12.4 408.72
ntarla 2018 1 31 31 15 37 17.2 -999.9 0 1.6 16.8 408.72
ntarla 2018 2 1 32 14.6 38 14.3 -999.9 0 1.8 15.7 408.72
ntarla 2018 2 2 33 14 36 6.6 -999.9 0 2 14.6 408.72
ntarla 2018 2 3 34 13.3 31.5 7.9 -999.9 0 3.4 12.7 408.72
ntarla 2018 2 4 35 13.7 33 9.9 -999.9 0 2.9 16.3 408.72
ntarla 2018 2 5 36 15 36 17.3 -999.9 0 2.9 14.4 408.72
ntarla 2018 2 6 37 13.3 36 17.8 -999.9 0 3.3 11.2 408.72
ntarla 2018 2 7 38 13.4 35.8 19.5 -999.9 0 3.6 9.3 408.72
ntarla 2018 2 8 39 13 36 20.1 -999.9 0 3.6 8.9 408.72
ntarla 2018 2 9 40 12.3 34 21.1 -999.9 0 4.9 9.1 408.72
ntarla 2018 2 10 41 12 33 20.1 -999.9 0 3.8 9 408.72
ntarla 2018 2 11 42 13 31.5 20.5 -999.9 0 3.8 7.8 408.72
ntarla 2018 2 12 43 13.2 32 20 -999.9 0 3.4 7.1 408.72
ntarla 2018 2 13 44 13 35.3 20.2 -999.9 0 3.1 9.6 408.72
ntarla 2018 2 14 45 14 37 20.3 -999.9 0 2.6 11.1 408.72
ntarla 2018 2 15 46 13.5 39 21.1 -999.9 0 2.4 10.9 408.72
ntarla 2018 2 16 47 16 40.8 20.5 -999.9 0 2.3 13.2 408.72
ntarla 2018 2 17 48 17 42 21.6 -999.9 0 2 14.4 408.72
ntarla 2018 2 18 49 16.5 42 21 -999.9 0 1.6 17.5 408.72
ntarla 2018 2 19 50 18.8 41.2 20 -999.9 0 2.9 19.5 408.72
ntarla 2018 2 20 51 19.2 41 19.7 -999.9 0 3.4 18.8 408.72
ntarla 2018 2 21 52 17.3 38.5 19.6 -999.9 0 2.3 12 408.72
ntarla 2018 2 22 53 17.5 42.5 20.4 -999.9 0 1.5 18.2 408.72
ntarla 2018 2 23 54 17 40 20.1 -999.9 0 2.6 16.3 408.72
ntarla 2018 2 24 55 21 39 20 -999.9 0 2.6 23.3 408.72
ntarla 2018 2 25 56 20 39.5 19.8 -999.9 0 1.6 21.7 408.72
ntarla 2018 2 26 57 21 40.5 17.1 -999.9 0 1.6 22.1 408.72
ntarla 2018 2 27 58 23.2 43.5 20.5 -999.9 0 2.1 30.3 408.72
ntarla 2018 2 28 59 23.5 43 20.5 -999.9 0 3 24 408.72
ntarla 2018 3 1 60 25 43.5 21.1 -999.9 0 2.4 30.2 408.72
ntarla 2018 3 2 61 22 43.4 21.7 -999.9 0 2.6 25.7 408.72
ntarla 2018 3 3 62 22 43.5 22 -999.9 0 2.4 23.8 408.72
ntarla 2018 3 4 63 22.5 43.8 21.9 -999.9 0 2.6 19.3 408.72
ntarla 2018 3 5 64 22 42.2 22.3 -999.9 0 2.1 19.6 408.72
ntarla 2018 3 6 65 20.5 42.7 22.1 -999.9 0 2.5 16.7 408.72
ntarla 2018 3 7 66 21 43.2 22.7 -999.9 0 2.3 16.7 408.72
ntarla 2018 3 8 67 21.5 42.2 22.6 -999.9 0 1.6 17 408.72
ntarla 2018 3 9 68 24 43.3 22.4 -999.9 0 2.9 17.2 408.72
ntarla 2018 3 10 69 25 43.5 21.9 -999.9 0 2.8 15.6 408.72
ntarla 2018 3 11 70 21 43.5 22.3 -999.9 0 2.5 18.3 408.72
ntarla 2018 3 12 71 21.6 43.7 22.2 -999.9 0 1.9 17.8 408.72
ntarla 2018 3 13 72 22 43.5 20.6 -999.9 0 2.6 30.3 408.72
ntarla 2018 3 14 73 22.5 43.5 22.4 -999.9 0 2.9 32.2 408.72
ntarla 2018 3 15 74 24 44.2 22.2 -999.9 0 2.3 20.9 408.72
ntarla 2018 3 16 75 19.5 44 21.1 -999.9 0 2.6 29.1 408.72
ntarla 2018 3 17 76 21 40.5 17.5 -999.9 0 3.5 31 408.72
ntarla 2018 3 18 77 24.8 36.5 8.1 -999.9 0 2.1 15 408.72
ntarla 2018 3 19 78 21 43.2 21.6 -999.9 0 2.8 19.1 408.72
ntarla 2018 3 20 79 22 43.2 21.2 -999.9 0 1.6 13.8 408.72
ntarla 2018 3 21 80 24 42.5 21.5 -999.9 0 2.8 25 408.72
ntarla 2018 3 22 81 21 40.5 22.7 -999.9 0 2.9 12.4 408.72
ntarla 2018 3 23 82 20 36 16.9 -999.9 0 4.4 6.8 408.72
ntarla 2018 3 24 83 20.3 37.6 16.4 -999.9 0 3.3 7.6 408.72
ntarla 2018 3 25 84 20.5 39.5 20.1 -999.9 0 2.5 8.1 408.72
ntarla 2018 3 26 85 21 42.5 21.5 -999.9 0 1.9 13.1 408.72
ntarla 2018 3 27 86 21 41.2 17.9 -999.9 0 2.5 11.3 408.72
ntarla 2018 3 28 87 20 43.2 23.1 -999.9 0 2.4 12.1 408.72
ntarla 2018 3 29 88 20 44 23 -999.9 0 2 14.3 408.72
ntarla 2018 3 30 89 23.8 43.7 22.2 -999.9 4 2.9 28.9 408.72
ntarla 2018 3 31 90 21.2 29.8 8 -999.9 2.5 4.5 29.7 408.72
ntarla 2018 4 1 91 20 40.3 10 -999.9 0 2.8 34.2 408.72
ntarla 2018 4 2 92 24.4 43 16.4 -999.9 0 1.8 25.1 408.72
ntarla 2018 4 3 93 24.5 44 18.4 -999.9 0 1.1 23.7 408.72
ntarla 2018 4 4 94 25.5 44 19.7 -999.9 0 3.1 34.9 408.72
ntarla 2018 4 5 95 25.4 43.5 19.4 -999.9 0 3.1 32.2 408.72
ntarla 2018 4 6 96 26.2 44 21.4 -999.9 0 2.4 37.9 408.72
ntarla 2018 4 7 97 26.3 44 20.3 -999.9 0 3.6 32.3 408.72
ntarla 2018 4 8 98 26 42 19.2 -999.9 0 4.6 42.6 408.72
ntarla 2018 4 9 99 19.6 38.5 17.5 -999.9 0 3.4 32.1 408.72
ntarla 2018 4 10 100 25.2 42 19.7 -999.9 0 2.3 35.4 408.72
ntarla 2018 4 11 101 25.2 41.7 18 -999.9 0 2.8 27.3 408.72
ntarla 2018 4 12 102 24 42.5 21.2 -999.9 0 3.1 15.3 408.72
ntarla 2018 4 13 103 21.6 43 22.9 -999.9 0 2.4 19.8 408.72
ntarla 2018 4 14 104 22.2 40.5 22.9 -999.9 0 1.8 15.1 408.72
ntarla 2018 4 15 105 22.5 40.5 17.8 -999.9 0 2.5 16.6 408.72
ntarla 2018 4 16 106 21.5 43.5 23.3 -999.9 0 2.5 24.9 408.72
ntarla 2018 4 17 107 21 43 22.6 -999.9 0 2.3 18.1 408.72
ntarla 2018 4 18 108 23 44 23.5 -999.9 0 1.4 19.1 408.72
ntarla 2018 4 19 109 23.5 44.5 23.3 -999.9 0 2.4 28.7 408.72
ntarla 2018 4 20 110 23.5 44.5 22.3 -999.9 0 3 31.9 408.72
ntarla 2018 4 21 111 23.3 42.2 18.2 -999.9 0 2 30.8 408.72
ntarla 2018 4 22 112 21.5 43.5 20.2 -999.9 0 2.9 28.9 408.72
ntarla 2018 4 23 113 28.5 44.5 22.9 -999.9 0 3 34.2 408.72
ntarla 2018 4 24 114 23.5 45 23.3 -999.9 0 2.9 28.6 408.72
ntarla 2018 4 25 115 25 45.5 23.3 -999.9 0 2.6 28.5 408.72
ntarla 2018 4 26 116 22.5 42.3 12.1 -999.9 0 3.5 28.2 408.72
ntarla 2018 4 27 117 25.5 42.3 19 -999.9 0 2.9 33.3 408.72
ntarla 2018 4 28 118 25.5 42 23.4 -999.9 0 2.8 27.3 408.72
ntarla 2018 4 29 119 27 45 23.1 -999.9 0 2 38 408.72
ntarla 2018 4 30 120 27.6 46 21.2 -999.9 0 1.88 24.8 408.72
ntarla 2018 5 1 121 26.2 44 23.8 -999.9 0 3.3 38.5 408.72
ntarla 2018 5 2 122 24 44.6 21.1 -999.9 0 2.6 15.1 408.72
ntarla 2018 5 3 123 23.5 44 23.7 -999.9 0 2.3 16.8 408.72
ntarla 2018 5 4 124 26 44.6 21.5 -999.9 0 2.3 30.3 408.72
ntarla 2018 5 5 125 27.4 44.2 23.7 -999.9 0 2.6 34.1 408.72
ntarla 2018 5 6 126 26.5 44.2 16.4 -999.9 0 2.9 32.7 408.72
ntarla 2018 5 7 127 27 44.5 23.3 -999.9 0 2.5 34 408.72
ntarla 2018 5 8 128 26.6 44.8 23.7 -999.9 0 2.3 36.2 408.72
ntarla 2018 5 9 129 28 44.8 22.8 -999.9 0 3.8 39.5 408.72
ntarla 2018 5 10 130 22 41.6 12.6 -999.9 0 4 33.9 408.72
ntarla 2018 5 11 131 23.3 40.7 19.6 -999.9 0 3.3 36.1 408.72
ntarla 2018 5 12 132 25.5 37.5 11 -999.9 0 2.5 29.6 408.72
ntarla 2018 5 13 133 24 43 19.4 -999.9 0 2.1 38.3 408.72
ntarla 2018 5 14 134 26.4 44 21.7 -999.9 0 2.6 34.7 408.72
ntarla 2018 5 15 135 27 41.5 23.1 -999.9 4.5 3.5 33.4 408.72
ntarla 2018 5 16 136 22 40.5 20.7 -999.9 0 3.6 36.5 408.72
ntarla 2018 5 17 137 27 41 20.6 -999.9 21 3.4 49.5 408.72
ntarla 2018 5 18 138 21.5 37.2 18.1 -999.9 0 2.8 37.6 408.72
ntarla 2018 5 19 139 25.3 38.5 20.8 -999.9 0 3.4 35.9 408.72
ntarla 2018 5 20 140 27.5 43 19.4 -999.9 0 2.8 37.6 408.72
ntarla 2018 5 21 141 20.3 34 14.3 -999.9 0 3.6 34.5 408.72
ntarla 2018 5 22 142 24.2 39.5 22 -999.9 0 3.4 37.2 408.72
ntarla 2018 5 23 143 27 38 19.3 -999.9 0 3.9 36.7 408.72
ntarla 2018 5 24 144 24 41.4 21.9 -999.9 8 3.3 40.1 408.72
ntarla 2018 5 25 145 21.5 40.2 20.2 -999.9 0 4 39.6 408.72
ntarla 2018 5 26 146 22 41 16.9 -999.9 0 4.8 44.4 408.72
ntarla 2018 5 27 147 21 37.8 22 -999.9 0 3.3 32.4 408.72
ntarla 2018 5 28 148 21 38 15.6 -999.9 18 3.3 35.9 408.72
ntarla 2018 5 29 149 20.5 37 21.2 -999.9 0 2 35.9 408.72
ntarla 2018 5 30 150 26 37.4 8.9 -999.9 0 3.1 37.9 408.72
ntarla 2018 5 31 151 26.5 39.3 21.4 -999.9 0 3.8 40 408.72
ntarla 2018 6 1 152 26 34.5 12 -999.9 0 3.3 32.3 408.72
ntarla 2018 6 2 153 23 40 22.8 -999.9 0 2.6 38.8 408.72
ntarla 2018 6 3 154 26.8 42.5 21.6 -999.9 0 2.5 39.2 408.72
ntarla 2018 6 4 155 27 37 11.9 -999.9 0 3 31.4 408.72
ntarla 2018 6 5 156 25 36.8 15.5 -999.9 0 2.3 31.3 408.72
ntarla 2018 6 6 157 26 39.5 17.2 -999.9 0 3 37.7 408.72
ntarla 2018 6 7 158 19.6 42.5 21 -999.9 0 2.9 36 408.72
ntarla 2018 6 8 159 20 41.7 23 -999.9 0 2.5 36.1 408.72
ntarla 2018 6 9 160 25 40 18 -999.9 0 3.1 36.7 408.72
ntarla 2018 6 10 161 24.5 34 10.7 -999.9 0 3.5 26.8 408.72
ntarla 2018 6 11 162 21.5 35 16.3 -999.9 0 3.4 33.4 408.72
ntarla 2018 6 12 163 23 39.6 23.7 -999.9 0 3.4 36.6 408.72
ntarla 2018 6 13 164 26 40.8 19.4 -999.9 6 2.3 36 408.72
ntarla 2018 6 14 165 24.3 37.4 9.1 -999.9 0 3.1 32.5 408.72
ntarla 2018 6 15 166 22 39.5 19.4 -999.9 0 3 34.1 408.72
ntarla 2018 6 16 167 26 42 23.2 -999.9 0 3.8 39.4 408.72
ntarla 2018 6 17 168 26.2 38.6 20.4 -999.9 0 4.9 34.5 408.72
ntarla 2018 6 18 169 26.3 38.5 18.2 -999.9 13 5 41.3 408.72
ntarla 2018 6 19 170 22 40 18.5 -999.9 0 3.1 38.2 408.72
ntarla 2018 6 20 171 24.5 37.5 18.7 -999.9 0 4.6 33.2 408.72
ntarla 2018 6 21 172 25.4 38.5 19 -999.9 0 4.8 32.7 408.72
ntarla 2018 6 22 173 27.2 34.2 9.9 -999.9 0 3.8 30.5 408.72
ntarla 2018 6 23 174 24 37 16.3 -999.9 25 3.4 35.8 408.72
ntarla 2018 6 24 175 20 33.5 12.7 -999.9 3 2.3 33.7 408.72
ntarla 2018 6 25 176 20.4 34 21.3 -999.9 0 2.3 35.7 408.72
ntarla 2018 6 26 177 23 37 22.8 -999.9 3 1.9 39.9 408.72
ntarla 2018 6 27 178 20 31 8.7 -999.9 0 3 30.3 408.72
ntarla 2018 6 28 179 22 36.5 19.3 -999.9 0 2 38.2 408.72
ntarla 2018 6 29 180 21.4 36 22.5 -999.9 0 2.8 37 408.72
ntarla 2018 6 30 181 21.8 32.2 21.1 -999.9 5 3.4 29.6 408.72
ntarla 2018 7 1 182 21.8 32.2 11.3 -999.9 0 2.9 31 408.72
ntarla 2018 7 2 183 21.6 36 17.4 -999.9 4 2.8 36.4 408.72
ntarla 2018 7 3 184 21 35.5 22.6 -999.9 44 1.8 37.6 408.72
ntarla 2018 7 4 185 19.5 34 14.8 -999.9 0 2.6 34.8 408.72
ntarla 2018 7 5 186 23 36 23 -999.9 0 2.6 37.9 408.72
ntarla 2018 7 6 187 22.2 37 21.5 -999.9 7 2.3 37.7 408.72
ntarla 2018 7 7 188 20.2 35 18.9 -999.9 0 1.9 35.4 408.72
ntarla 2018 7 8 189 23.4 36.5 19.5 -999.9 6 3 37.2 408.72
ntarla 2018 7 9 190 21 38 23.3 -999.9 0 1.9 37.5 408.72
ntarla 2018 7 10 191 24 38 22.6 -999.9 0 2.5 35.9 408.72
ntarla 2018 7 11 192 20 37.5 17.6 -999.9 0 3.5 35.9 408.72
ntarla 2018 7 12 193 21.8 33.5 19.3 -999.9 1.5 2.5 34.4 408.72
ntarla 2018 7 13 194 21.5 36.5 18.1 -999.9 0 1.9 36.8 408.72
ntarla 2018 7 14 195 23.4 36.5 22.5 -999.9 9 3.1 38.9 408.72
ntarla 2018 7 15 196 21 32.2 8.3 -999.9 1.5 3.4 33.4 408.72
ntarla 2018 7 16 197 23.6 34 12.1 -999.9 0 2.6 36.4 408.72
ntarla 2018 7 17 198 20 32 13.2 -999.9 56 3.4 33.3 408.72
ntarla 2018 7 18 199 20.5 29 12 -999.9 0 2.3 30.9 408.72
ntarla 2018 7 19 200 21 33 20 -999.9 0 2.6 34.6 408.72
ntarla 2018 7 20 201 23 34 17.4 -999.9 0 2.6 36.6 408.72
ntarla 2018 7 21 202 21.5 33 14.8 -999.9 0 1.8 35.1 408.72
ntarla 2018 7 22 203 22 34.5 23.3 -999.9 0 3.1 36.8 408.72
ntarla 2018 7 23 204 23 35.6 19.7 -999.9 1.5 3 35.9 408.72
ntarla 2018 7 24 205 23.5 37.2 22.5 -999.9 23 2.9 37.7 408.72
ntarla 2018 7 25 206 20 31 12 -999.9 24 3.9 31.6 408.72
ntarla 2018 7 26 207 22.2 33 14.4 -999.9 0 2.6 35.4 408.72
ntarla 2018 7 27 208 20.5 30.5 10.1 -999.9 49 2.5 32.3 408.72
ntarla 2018 7 28 209 21 34 22 -999.9 30 2.4 35.6 408.72
ntarla 2018 7 29 210 19 33 12.7 -999.9 0 1.8 32.3 408.72
ntarla 2018 7 30 211 22.5 31.3 16.1 -999.9 0 3.4 34.4 408.72
ntarla 2018 7 31 212 20 32 21.9 -999.9 0 3.3 32.6 408.72
ntarla 2018 8 1 213 22.3 31 15.7 -999.9 11 2.9 32.8 408.72
ntarla 2018 8 2 214 20.5 32.5 16.4 -999.9 0 2 33.6 408.72
ntarla 2018 8 3 215 22 34 16.9 -999.9 11 3 37.4 408.72
ntarla 2018 8 4 216 20.4 30.8 10 -999.9 0 2.6 32.5 408.72
ntarla 2018 8 5 217 20.5 33 22.9 -999.9 0 2.4 34.8 408.72
ntarla 2018 8 6 218 21 35 18.9 -999.9 0 2.9 34 408.72
ntarla 2018 8 7 219 20.3 31 10.8 -999.9 9.5 2.5 32.3 408.72
ntarla 2018 8 8 220 20.2 33 18.2 -999.9 0 2.4 34.5 408.72
ntarla 2018 8 9 221 22.5 34 21.4 -999.9 0 3.9 36.8 408.72
ntarla 2018 8 10 222 22 32.5 17.5 -999.9 11 3 34 408.72
ntarla 2018 8 11 223 22 33.5 13.3 -999.9 12 3.3 36.9 408.72
ntarla 2018 8 12 224 22 32 18.2 -999.9 2 2.1 35.3 408.72
ntarla 2018 8 13 225 20.8 32.6 21.9 -999.9 0 2.8 32.6 408.72
ntarla 2018 8 14 226 21 33.5 20.5 -999.9 2 2.9 34.7 408.72
ntarla 2018 8 15 227 21 35.5 11.7 -999.9 0 1.6 37.2 408.72
ntarla 2018 8 16 228 21 35.5 24 -999.9 0 2.1 38 408.72
ntarla 2018 8 17 229 22.8 35.5 21.8 -999.9 9 3.8 38.8 408.72
ntarla 2018 8 18 230 21 33.3 15.5 -999.9 12 2.8 34.9 408.72
ntarla 2018 8 19 231 20.5 31 17.7 -999.9 9.5 2.5 31.8 408.72
ntarla 2018 8 20 232 20.5 34.3 20.5 -999.9 0 3.3 33.6 408.72
ntarla 2018 8 21 233 20.5 34.2 13.6 -999.9 8.5 3.8 34.9 408.72
ntarla 2018 8 22 234 21 33 13.1 -999.9 0 1.9 35.3 408.72
ntarla 2018 8 23 235 22 33.6 17.4 -999.9 0 1.8 37 408.72
ntarla 2018 8 24 236 21.8 37.2 22.9 -999.9 16 1.9 40 408.72
ntarla 2018 8 25 237 21 33.5 21.2 -999.9 8 2.3 35.8 408.72
ntarla 2018 8 26 238 21.5 27 7.9 -999.9 0 3.1 30 408.72
ntarla 2018 8 27 239 21.5 33 17.1 -999.9 0 2.4 35.1 408.72
ntarla 2018 8 28 240 21.5 28 7.8 -999.9 21 3.1 30.9 408.72
ntarla 2018 8 29 241 21 34 14.2 -999.9 31 1.5 36.3 408.72
ntarla 2018 8 30 242 20.5 33.2 20.1 -999.9 0 2.6 35 408.72
ntarla 2018 8 31 243 20.5 29.3 10.4 -999.9 0 2.5 31.2 408.72
ntarla 2018 9 1 244 21 34.5 19.7 -999.9 1.4 1.5 36.9 408.72
ntarla 2018 9 2 245 21.5 32.5 13.5 -999.9 4 1.8 35.3 408.72
ntarla 2018 9 3 246 21.6 34.5 18.7 -999.9 2 2.8 36.4 408.72
ntarla 2018 9 4 247 20.5 34 22.2 -999.9 2 1.9 34.7 408.72
ntarla 2018 9 5 248 22 33.5 19.1 -999.9 5 2.5 36.1 408.72
ntarla 2018 9 6 249 21 33 23 -999.9 0 1.9 35.3 408.72
ntarla 2018 9 7 250 22.3 36 20 -999.9 18 2.3 38.8 408.72
ntarla 2018 9 8 251 19.4 32.5 18.2 -999.9 4 2.9 33.2 408.72
ntarla 2018 9 9 252 19 33 11.3 -999.9 26 1.9 33.3 408.72
ntarla 2018 9 10 253 21.5 33.3 13.2 -999.9 0.3 1.4 36.1 408.72
ntarla 2018 9 11 254 21 30.5 12.2 -999.9 0 1.3 32.8 408.72
ntarla 2018 9 12 255 22 35 12.2 -999.9 0 1.1 38.5 408.72
ntarla 2018 9 13 256 21 37 21.6 -999.9 0 1.4 39.3 408.72
ntarla 2018 9 14 257 19.6 27 7.6 -999.9 5.5 2.8 27.7 408.72
ntarla 2018 9 15 258 19 35.5 22.3 -999.9 0 2 35.8 408.72
ntarla 2018 9 16 259 21.8 27.5 10.6 -999.9 4.5 1.6 29.5 408.72
ntarla 2018 9 17 260 20.5 35.3 21.4 -999.9 0 1.9 37.2 408.72
ntarla 2018 9 18 261 22.8 38 20.8 -999.9 0 2.1 39.9 408.72
ntarla 2018 9 19 262 23 36.5 21.5 -999.9 0 2.4 37.6 408.72
ntarla 2018 9 20 263 23.4 38.3 22.2 -999.9 0 2 42.8 408.72
ntarla 2018 9 21 264 23.5 38.5 21.4 -999.9 32 2.4 43.1 408.72
ntarla 2018 9 22 265 20.5 33.8 15.8 -999.9 3.5 2.5 34.5 408.72
ntarla 2018 9 23 266 21 35 17.6 -999.9 14 2.5 36.7 408.72
ntarla 2018 9 24 267 19.5 34.5 18.3 -999.9 0 2.1 34.2 408.72
ntarla 2018 9 25 268 19.6 35 14.6 -999.9 0.5 1.4 34.1 408.72
ntarla 2018 9 26 269 23.02 35.5 20.7 -999.9 10 1.9 49.5 408.72
ntarla 2018 9 27 270 23 36.5 21 -999.9 0 1.5 40.2 408.72
ntarla 2018 9 28 271 21.5 36 19.1 -999.9 2.5 2.4 34.7 408.72
ntarla 2018 9 29 272 20 35 13.1 -999.9 5 2 36.3 408.72
ntarla 2018 9 30 273 20 35.5 11.1 -999.9 0 1.6 36.5 408.72
ntarla 2018 10 1 274 21.5 36.5 17.2 -999.9 9.5 2.1 38.9 408.72
ntarla 2018 10 2 275 21 35.5 20.2 -999.9 0 2.4 38 408.72
ntarla 2018 10 3 276 22.5 36.5 21 -999.9 0 2 39.6 408.72
ntarla 2018 10 4 277 21.8 37.4 16.3 -999.9 0 2.6 36.9 408.72
ntarla 2018 10 5 278 21 35.5 12.9 -999.9 1.5 2.1 36.8 408.72
ntarla 2018 10 6 279 20 35 20.9 -999.9 3 1.3 36.3 408.72
ntarla 2018 10 7 280 20.8 34.7 18.7 -999.9 0 2.4 35.8 408.72
ntarla 2018 10 8 281 22 35.5 18.6 -999.9 0 2.1 37.1 408.72
ntarla 2018 10 9 282 21 36 21.3 -999.9 0 2.1 36.6 408.72
ntarla 2018 10 10 283 22.5 38 21.1 -999.9 0 2.1 42.2 408.72
ntarla 2018 10 11 284 23 37 18.7 -999.9 0 2 37.3 408.72
ntarla 2018 10 12 285 23 38.5 20.1 -999.9 0 2 43 408.72
ntarla 2018 10 13 286 20.2 37.5 19.2 -999.9 5 2.6 36.5 408.72
ntarla 2018 10 14 287 21.5 37.3 20.7 -999.9 0 2 36.1 408.72
ntarla 2018 10 15 288 20.5 36.5 16.5 -999.9 0 2.1 37.4 408.72
ntarla 2018 10 16 289 20.5 38.8 18.6 -999.9 0 1.9 39.5 408.72
ntarla 2018 10 17 290 21.8 38 21.2 -999.9 0 2.4 38 408.72
ntarla 2018 10 18 291 22.5 39 20.1 -999.9 15 2.3 39 408.72
ntarla 2018 10 19 292 22.5 38 18.3 -999.9 1.5 2.5 36.2 408.72
ntarla 2018 10 20 293 22.5 37.5 15.5 -999.9 0 2.1 36.9 408.72
ntarla 2018 10 21 294 21.5 38.5 21.5 -999.9 0 2.1 38.2 408.72
ntarla 2018 10 22 295 21.8 39.2 20.7 -999.9 0 2.1 40.2 408.72
ntarla 2018 10 23 296 21.5 38.5 16.7 -999.9 0 1.3 36.9 408.72
ntarla 2018 10 24 297 22 39.5 19.7 -999.9 0 2.5 33.7 408.72
ntarla 2018 10 25 298 22.8 39 19.9 -999.9 0 2.4 34 408.72
ntarla 2018 10 26 299 23 39.3 20.4 -999.9 0 2.3 34 408.72
ntarla 2018 10 27 300 23.3 39 17.5 -999.9 0 1.8 36.2 408.72
ntarla 2018 10 28 301 22.5 39.3 19.3 -999.9 0 1.8 34 408.72
ntarla 2018 10 29 302 23 37 11.6 -999.9 0 2 36.1 408.72
ntarla 2018 10 30 303 22 36 17 -999.9 0 1.9 37.2 408.72
ntarla 2018 10 31 304 23 36.2 17 -999.9 0 2.9 34 408.72
ntarla 2018 11 1 305 23.5 37.1 17.7 -999.9 0 2.5 29.4 408.72
ntarla 2018 11 2 306 22 37.5 20.3 -999.9 0 2.9 28.9 408.72
ntarla 2018 11 3 307 21 37.5 20.2 -999.9 0 2.1 24.8 408.72
ntarla 2018 11 4 308 21 39 19.9 -999.9 0 2.4 27.6 408.72
ntarla 2018 11 5 309 22.5 38.3 18.4 -999.9 0 1.9 35.6 408.72
ntarla 2018 11 6 310 22.5 39.4 18.3 -999.9 0 1.9 36.3 408.72
ntarla 2018 11 7 311 22 39 18.7 -999.9 0 1.5 34.5 408.72
ntarla 2018 11 8 312 20.5 39 18.3 -999.9 0 2.1 22.6 408.72
ntarla 2018 11 9 313 18 38.8 20.2 -999.9 0 1.9 31.3 408.72
ntarla 2018 11 10 314 17.5 39.6 19.9 -999.9 0 1.8 26.9 408.72
ntarla 2018 11 11 315 17 39.5 19 -999.9 0 1.3 29.1 408.72
ntarla 2018 11 12 316 19 38.7 19.4 -999.9 0 1.5 29.8 408.72
ntarla 2018 11 13 317 19 40 19.1 -999.9 0 1.8 28.4 408.72
ntarla 2018 11 14 318 21 39.5 19 -999.9 0 1.1 29.3 408.72
ntarla 2018 11 15 319 18.3 39.6 18.9 -999.9 0 1.9 31.9 408.72
ntarla 2018 11 16 320 18 39 18.8 -999.9 0 1.5 24.9 408.72
ntarla 2018 11 17 321 19 39.7 17 -999.9 0 1.9 27 408.72
ntarla 2018 11 18 322 21.8 37.6 14.9 -999.9 0 1.5 30 408.72
ntarla 2018 11 19 323 22.5 34.5 16.2 -999.9 0 2.6 28 408.72
ntarla 2018 11 20 324 21.8 35.5 14.5 -999.9 0 3.1 24.7 408.72
ntarla 2018 11 21 325 21.5 37.5 14.4 -999.9 0 1.8 26.8 408.72
ntarla 2018 11 22 326 18.5 37.7 17.2 -999.9 0 2.6 26.6 408.72
ntarla 2018 11 23 327 17 38.5 17.4 -999.9 0 1.8 27.2 408.72
ntarla 2018 11 24 328 17 39.3 17.8 -999.9 0 1.8 23.3 408.72
ntarla 2018 11 25 329 16.5 38.5 17.7 -999.9 0 2 22.4 408.72
ntarla 2018 11 26 330 16 38.5 16.7 -999.9 0 2.1 24.6 408.72
ntarla 2018 11 27 331 16.5 38 16.6 -999.9 0 1.9 22.4 408.72
ntarla 2018 11 28 332 16.5 38.2 17.4 -999.9 0 1.6 25.1 408.72
ntarla 2018 11 29 333 17.5 37.8 16.9 -999.9 0 1.9 23.3 408.72
ntarla 2018 11 30 334 16.2 39 17.8 -999.9 0 1.9 24 408.72
ntarla 2018 12 1 335 14 37 15.1 -999.9 0 1.4 21.5 408.72
ntarla 2018 12 2 336 14.5 37.2 17.7 -999.9 0 1.8 22.3 408.72
ntarla 2018 12 3 337 14 36 18.1 -999.9 0 2.4 19.6 408.72
ntarla 2018 12 4 338 15 37 17.6 -999.9 0 2 24.2 408.72
ntarla 2018 12 5 339 17 36.5 16.9 -999.9 0 2.6 19.7 408.72
ntarla 2018 12 6 340 18 36.8 17.5 -999.9 0 2.4 17.2 408.72
ntarla 2018 12 7 341 16 36.5 17.2 -999.9 0 2.5 21.8 408.72
ntarla 2018 12 8 342 15 36.3 17.5 -999.9 0 2.1 20.7 408.72
ntarla 2018 12 9 343 13 36 17.5 -999.9 0 2.1 19.4 408.72
ntarla 2018 12 10 344 12.5 36 17.8 -999.9 0 1.5 19.7 408.72
ntarla 2018 12 11 345 13.3 36.6 17.4 -999.9 0 1.9 20.5 408.72
ntarla 2018 12 12 346 14 35 17 -999.9 0 2.5 17.8 408.72
ntarla 2018 12 13 347 15.5 35.5 16.9 -999.9 0 2.1 17.9 408.72
ntarla 2018 12 14 348 17 35 16.4 -999.9 0 2.9 21.2 408.72
ntarla 2018 12 15 349 15.5 35.5 16.7 -999.9 0 2.8 17.9 408.72
ntarla 2018 12 16 350 14 34.5 17.8 -999.9 0 2.6 16.3 408.72
ntarla 2018 12 17 351 13.5 35.6 17.3 -999.9 0 1.6 18.8 408.72
ntarla 2018 12 18 352 14.8 37 17 -999.9 0 1.6 22.4 408.72
ntarla 2018 12 19 353 15.5 36.5 16.5 -999.9 0 2 19.5 408.72
ntarla 2018 12 20 354 15.5 37 16.5 -999.9 0 2.3 19.8 408.72
ntarla 2018 12 21 355 14 35.5 17.1 -999.9 0 2.8 18.1 408.72
ntarla 2018 12 22 356 14 33.5 16.6 -999.9 0 2.9 15.9 408.72
ntarla 2018 12 23 357 14.5 34 17.1 -999.9 0 2.3 18.2 408.72
ntarla 2018 12 24 358 12.8 33.5 17.1 -999.9 0 2.5 18.1 408.72
ntarla 2018 12 25 359 12.6 32.5 15.9 -999.9 0 2.6 15 408.72
ntarla 2018 12 26 360 14 33.8 17 -999.9 0 2.4 14.8 408.72
ntarla 2018 12 27 361 12 34 16.4 -999.9 0 2 16.6 408.72
ntarla 2018 12 28 362 13.5 35.5 16.4 -999.9 0 1.5 17.2 408.72
ntarla 2018 12 29 363 15.3 36 15.2 -999.9 0 1.1 20.1 408.72
ntarla 2018 12 30 364 16.5 36 14.9 -999.9 0 2 19.8 408.72
ntarla 2018 12 31 365 16.5 35.5 15.2 -999.9 0 2.6 16.5 408.72
